Player
8
3 0.00001 1 0 0.50001 0.00001 -0.50 0.50001 0.00001 0.50 0 0 255
3 -0.00001 1 0 -0.50001 0.00001 -0.50 -0.50001 0.00001 0.50 0 0 0
3 0 1 0.00001 -0.50 0.00001 0.50001 0.50 0.00001 0.50001 0 0 0
3 0 1 -0.00001 -0.50 0.00001 -0.50001 0.50 0.00001 -0.50001 0 0 0
3 0.00001 -1 0 0.50001 -0.00001 -0.50 0.50001 -0.00001 0.50 0 0 0
3 -0.00001 -1 0 -0.50001 -0.00001 -0.50 -0.50001 -0.00001 0.50 0 0 0
3 0 -1 0.00001 -0.50 -0.00001 0.50001 0.50 -0.00001 0.50001 0 0 0
3 0 -1 -0.00001 -0.50 -0.00001 -0.50001 0.50 -0.00001 -0.50001 0 0 0
